id,group_id,title_localkey,speech_window,highlight,speaker,scenario_localkey,play_lipsync,set_background,set_light,conversation_id,set_image,set_object,set_object_position,set_start_camera,set_end_camera,set_camera_duration,play_sound,play_bgm,set_camera_shake,set_filter_01,set_filter_02,jump_target,fade,is_exit_scenario,characters/0/show_char_id,characters/0/hide_char_id,characters/0/set_char_position,characters/0/set_char_anim,characters/1/show_char_id,characters/1/hide_char_id,characters/1/set_char_position,characters/1/set_char_anim,characters/2/show_char_id,characters/2/hide_char_id,characters/2/set_char_position,characters/2/set_char_anim,characters/3/show_char_id,characters/3/hide_char_id,characters/3/set_char_position,characters/3/set_char_anim,characters/4/show_char_id,characters/4/hide_char_id,characters/4/set_char_position,characters/4/set_char_anim,characters/5/show_char_id,characters/5/hide_char_id,characters/5/set_char_position,characters/5/set_char_anim,characters/6/show_char_id,characters/6/hide_char_id,characters/6/set_char_position,characters/6/set_char_anim,characters/7/show_char_id,characters/7/hide_char_id,characters/7/set_char_position,characters/7/set_char_anim,characters/8/show_char_id,characters/8/hide_char_id,characters/8/set_char_position,characters/8/set_char_anim,characters/9/show_char_id,characters/9/hide_char_id,characters/9/set_char_position,characters/9/set_char_anim,effects/0/play_effect_id,effects/0/stop_effect_id,effects/0/set_effect_position,effects/0/is_effect_movable,effects/1/play_effect_id,effects/1/stop_effect_id,effects/1/set_effect_position,effects/1/is_effect_movable
d_nikke_sugar_02_1,d_nikke_sugar_02,,Speech,dolla,dolla,Locale_NikkeEpisode:d_nikke_sugar_02_1,True,Office,,,,,,S_70,S_70,0,,bgm_story_epicjazzymoods,,None,None,,None,False,sugar,,9,idle,dolla,,7,surprise,yan,,3,idle,rupee,,5,idle,,,,,,,,,,,,,,,,,,,,,,,,,,,,False,,,,False
d_nikke_sugar_02_2,d_nikke_sugar_02,,Speech,sugar,sugar,Locale_NikkeEpisode:d_nikke_sugar_02_2,True,,,,,,,S_70,S_90,0,,,,None,None,,None,False,,,9,idle,,,7,surprise,,,3,idle,,,5,idle,,,,,,,,,,,,,,,,,,,,,,,,,,,,False,,,,False
d_nikke_sugar_02_3,d_nikke_sugar_02,,Speech,yan,yan,Locale_NikkeEpisode:d_nikke_sugar_02_3,True,,,,,,,S_90,3,0,,,,None,None,,None,False,,,9,idle,,,7,surprise,,,3,surprise,,,5,idle,,,,,,,,,,,,,,,,,,,,,,,,,,,,False,,,,False
d_nikke_sugar_02_4,d_nikke_sugar_02,,Speech,yan,sugar,Locale_NikkeEpisode:d_nikke_sugar_02_4,False,,,,,,,3,3,0,,,,None,None,,None,False,,,9,idle,,,7,surprise,,,3,surprise,,,5,idle,,,,,,,,,,,,,,,,,,,,,,,,,,,,False,,,,False
d_nikke_sugar_02_5,d_nikke_sugar_02,,Speech,dolla,dolla,Locale_NikkeEpisode:d_nikke_sugar_02_5,True,,,,,,,3,S_70,0,,,,None,None,,None,False,,,9,idle,,,7,no,,,3,surprise,,,5,idle,,,,,,,,,,,,,,,,,,,,,,,,,,,,False,,,,False
d_nikke_sugar_02_6,d_nikke_sugar_02,,Speech,rupee,rupee,Locale_NikkeEpisode:d_nikke_sugar_02_6,True,,,,,,,S_70,L_50,0,,,,None,None,,None,False,,,9,idle,,,7,no,,,3,idle,,,5,idle,,,,,,,,,,,,,,,,,,,,,,,,,,,,False,,,,False
d_nikke_sugar_02_7,d_nikke_sugar_02,,Speech,rupee,rupee,Locale_NikkeEpisode:d_nikke_sugar_02_7,True,,,,,,,L_50,L_500,0,,,,None,None,,None,False,,,9,idle,,,7,idle,,,3,idle,,,5,sad,,,,,,,,,,,,,,,,,,,,,,,,,,,,False,,,,False
d_nikke_sugar_02_8,d_nikke_sugar_02,,Narration,rupee,Narration,Locale_NikkeEpisode:d_nikke_sugar_02_8,False,,,,,,,L_500,L_500,0,,,,None,None,,None,False,,,9,idle,,,7,idle,,,3,idle,,,5,"expression_0,sad",,,,,,,,,,,,,,,,,,,,,,,,,,,,False,,,,False
d_nikke_sugar_02_9,d_nikke_sugar_02,,Speech,sugar,sugar,Locale_NikkeEpisode:d_nikke_sugar_02_9,True,,,,,,,S_90,S_90,0,,,,None,None,,None,False,,,9,idle,,,7,idle,,,3,idle,,,5,sad,,,,,,,,,,,,,,,,,,,,,,,,,,,,False,,,,False
d_nikke_sugar_02_10,d_nikke_sugar_02,,Speech,sugar,sugar,Locale_NikkeEpisode:d_nikke_sugar_02_10,True,,,,,,,S_90,S_900,0,,,,None,None,,None,False,,,9,idle,,,7,idle,,,3,idle,,,5,idle,,,,,,,,,,,,,,,,,,,,,,,,,,,,False,,,,False
d_nikke_sugar_02_11,d_nikke_sugar_02,,Speech,yan,yan,Locale_NikkeEpisode:d_nikke_sugar_02_11,True,,,,,,,30,30,0,,,,None,None,,None,False,,,9,idle,,,7,idle,,,3,no,,,5,idle,,,,,,,,,,,,,,,,,,,,,,,,,,,,False,,,,False
d_nikke_sugar_02_12,d_nikke_sugar_02,,Speech,sugar,sugar,Locale_NikkeEpisode:d_nikke_sugar_02_12,True,,,,,,,S_90,S_90,0,,,,None,None,,None,False,,,9,idle,,,7,idle,,,3,no,,,5,idle,,,,,,,,,,,,,,,,,,,,,,,,,,,,False,,,,False
d_nikke_sugar_02_13,d_nikke_sugar_02,,Speech,sugar,sugar,Locale_NikkeEpisode:d_nikke_sugar_02_13,True,,,,,,,S_90,S_90,0,,,,None,None,,None,False,,,9,idle,,,7,idle,,,3,idle,,,5,idle,,,,,,,,,,,,,,,,,,,,,,,,,,,,False,,,,False
d_nikke_sugar_02_14,d_nikke_sugar_02,,Speech,sugar,sugar,Locale_NikkeEpisode:d_nikke_sugar_02_14,True,,,,,,,S_90,S_900,0,,,,None,None,,None,False,,,9,idle,,,7,idle,,,3,idle,,,5,idle,,,,,,,,,,,,,,,,,,,,,,,,,,,,False,,,,False
d_nikke_sugar_02_15,d_nikke_sugar_02,,Speech,yan,yan,Locale_NikkeEpisode:d_nikke_sugar_02_15,True,,,,,,,3,30,0,,,,None,None,,None,False,,,9,idle,,,7,idle,,,3,surprise,,,5,idle,,,,,,,,,,,,,,,,,,,,,,,,,,,,False,,,,False
d_nikke_sugar_02_16,d_nikke_sugar_02,,Speech,rupee,rupee,Locale_NikkeEpisode:d_nikke_sugar_02_16,True,,,,,,,30,L_50,0,,,,None,None,,None,False,,,9,idle,,,7,idle,,,3,surprise,,,5,idle,,,,,,,,,,,,,,,,,,,,,,,,,,,,False,,,,False
d_nikke_sugar_02_17,d_nikke_sugar_02,,Speech,rupee,rupee,Locale_NikkeEpisode:d_nikke_sugar_02_17,True,,,,,,,L_50,L_50,0,,,,None,None,,None,False,,,9,idle,,,7,idle,,,3,idle,,,5,idle,,,,,,,,,,,,,,,,,,,,,,,,,,,,False,,,,False
d_nikke_sugar_02_18,d_nikke_sugar_02,,Speech,dolla,dolla,Locale_NikkeEpisode:d_nikke_sugar_02_18,True,,,,,,,L_50,S_70,0,,,,None,None,,None,False,,,9,idle,,,7,good,,,3,idle,,,5,idle,,,,,,,,,,,,,,,,,,,,,,,,,,,,False,,,,False
d_nikke_sugar_02_19,d_nikke_sugar_02,,Self,dolla,Self,Locale_NikkeEpisode:d_nikke_sugar_02_19,False,,,,,,,S_70,S_70,0,,,,None,None,,None,False,,,9,idle,,,7,good,,,3,idle,,,5,idle,,,,,,,,,,,,,,,,,,,,,,,,,,,,False,,,,False
d_nikke_sugar_02_20,d_nikke_sugar_02,,Speech,dolla,dolla,Locale_NikkeEpisode:d_nikke_sugar_02_20,True,,,,,,,S_70,S_700,0,,,,None,None,,None,False,,,9,idle,,,7,good,,,3,idle,,,5,idle,,,,,,,,,,,,,,,,,,,,,,,,,,,,False,,,,False
d_nikke_sugar_02_21,d_nikke_sugar_02,,Speech,rupee,rupee,Locale_NikkeEpisode:d_nikke_sugar_02_21,True,,,,,,,L_500,L_500,0,,,,None,None,,None,False,,,9,idle,,,7,good,,,3,idle,,,5,idle,,,,,,,,,,,,,,,,,,,,,,,,,,,,False,,,,False
d_nikke_sugar_02_22,d_nikke_sugar_02,,Speech,yan,yan,Locale_NikkeEpisode:d_nikke_sugar_02_22,True,,,,,,,30,30,0,,,,None,None,,None,False,,,9,idle,,,7,idle,,,3,no,,,5,idle,,,,,,,,,,,,,,,,,,,,,,,,,,,,False,,,,False
d_nikke_sugar_02_23,d_nikke_sugar_02,,Speech,yan,yan,Locale_NikkeEpisode:d_nikke_sugar_02_23,True,,,,,,,30,300,0,,,,None,None,,None,False,,,9,idle,,,7,idle,,,3,delight,,,5,idle,,,,,,,,,,,,,,,,,,,,,,,,,,,,False,,,,False
d_nikke_sugar_02_24,d_nikke_sugar_02,,Speech,sugar,sugar,Locale_NikkeEpisode:d_nikke_sugar_02_24,True,,,,,,,S_90,S_90,0,,,,None,None,,None,False,,,9,idle,,,7,idle,,,3,delight,,,5,idle,,,,,,,,,,,,,,,,,,,,,,,,,,,,False,,,,False
d_nikke_sugar_02_25,d_nikke_sugar_02,,Speech,sugar,sugar,Locale_NikkeEpisode:d_nikke_sugar_02_25,True,,,,,,,S_90,S_90,0,,,,None,None,,None,False,,,9,idle,,,7,idle,,,3,delight,,,5,idle,,,,,,,,,,,,,,,,,,,,,,,,,,,,False,,,,False
d_nikke_sugar_02_26,d_nikke_sugar_02,,Speech,yan,yan,Locale_NikkeEpisode:d_nikke_sugar_02_26,True,,,,,,,30,30,0,,,,None,None,,None,False,,,9,idle,,,7,idle,,,3,etc,,,5,idle,,,,,,,,,,,,,,,,,,,,,,,,,,,,False,,,,False
d_nikke_sugar_02_27,d_nikke_sugar_02,,Speech,dolla,dolla,Locale_NikkeEpisode:d_nikke_sugar_02_27,True,,,,,,,S_70,S_70,0,,,,None,None,,None,False,,,9,idle,,,7,idle,,,3,etc,,,5,idle,,,,,,,,,,,,,,,,,,,,,,,,,,,,False,,,,False
d_nikke_sugar_02_28,d_nikke_sugar_02,,Speech,sugar,sugar,Locale_NikkeEpisode:d_nikke_sugar_02_28,True,,,,,,,S_90,S_90,0,,,,None,None,,None,False,,,9,idle,,,7,idle,,,3,idle,,,5,idle,,,,,,,,,,,,,,,,,,,,,,,,,,,,False,,,,False
d_nikke_sugar_02_29,d_nikke_sugar_02,,Speech,dolla,dolla,Locale_NikkeEpisode:d_nikke_sugar_02_29,True,,,,,,,S_70,S_70,0,,,,None,None,,None,False,,,9,idle,,,7,idle,,,3,idle,,,5,idle,,,,,,,,,,,,,,,,,,,,,,,,,,,,False,,,,False
d_nikke_sugar_02_30,d_nikke_sugar_02,,Speech,dolla,dolla,Locale_NikkeEpisode:d_nikke_sugar_02_30,True,,,,,,,S_70,S_70,0,,,,None,None,,None,False,,,9,idle,,,7,good,,,3,idle,,,5,idle,,,,,,,,,,,,,,,,,,,,,,,,,,,,False,,,,False
d_nikke_sugar_02_31,d_nikke_sugar_02,,Speech,yan,yan,Locale_NikkeEpisode:d_nikke_sugar_02_31,True,,,,,,,30,30,0,,,,None,None,,None,False,,,9,idle,,,7,good,,,3,delight,,,5,idle,,,,,,,,,,,,,,,,,,,,,,,,,,,,False,,,,False
d_nikke_sugar_02_32,d_nikke_sugar_02,,Speech,yan,yan,Locale_NikkeEpisode:d_nikke_sugar_02_32,True,,,,,,,30,30,0,,,,None,None,,None,False,,,9,idle,,,7,good,,,3,delight,,,5,idle,,,,,,,,,,,,,,,,,,,,,,,,,,,,False,,,,False
d_nikke_sugar_02_33,d_nikke_sugar_02,,Speech,yan,yan,Locale_NikkeEpisode:d_nikke_sugar_02_33,True,,,,,,,30,300,0,,,,None,None,,None,False,,,9,idle,,,7,good,,,3,idle,,,5,idle,,,,,,,,,,,,,,,,,,,,,,,,,,,,False,,,,False
d_nikke_sugar_02_34,d_nikke_sugar_02,,Speech,dolla,dolla,Locale_NikkeEpisode:d_nikke_sugar_02_34,True,,,,,,,S_70,S_70,0,,,,None,None,,None,False,,,9,idle,,,7,good,,,3,idle,,,5,idle,,,,,,,,,,,,,,,,,,,,,,,,,,,,False,,,,False
d_nikke_sugar_02_35,d_nikke_sugar_02,,Speech,dolla,dolla,Locale_NikkeEpisode:d_nikke_sugar_02_35,True,,,,,,,S_70,S_700,0,,,,None,None,,None,False,,,9,idle,,,7,good,,,3,idle,,,5,idle,,,,,,,,,,,,,,,,,,,,,,,,,,,,False,,,,False
d_nikke_sugar_02_36,d_nikke_sugar_02,,Speech,sugar,sugar,Locale_NikkeEpisode:d_nikke_sugar_02_36,True,,,,,,,S_90,S_90,0,,,,None,None,,None,False,,,9,idle,,,7,good,,,3,idle,,,5,idle,,,,,,,,,,,,,,,,,,,,,,,,,,,,False,,,,False
d_nikke_sugar_02_37,d_nikke_sugar_02,,Speech,sugar,sugar,Locale_NikkeEpisode:d_nikke_sugar_02_37,True,,,,,,,S_90,S_900,0,,,,None,None,,None,False,,,9,idle,,,7,idle,,,3,idle,,,5,idle,,,,,,,,,,,,,,,,,,,,,,,,,,,,False,,,,False
d_nikke_sugar_02_38,d_nikke_sugar_02,,Speech,yan,yan,Locale_NikkeEpisode:d_nikke_sugar_02_38,True,,,,,,,30,30,0,,,,None,None,,None,False,,,9,idle,,,7,idle,,,3,no,,,5,idle,,,,,,,,,,,,,,,,,,,,,,,,,,,,False,,,,False
d_nikke_sugar_02_39,d_nikke_sugar_02,,Speech,sugar,sugar,Locale_NikkeEpisode:d_nikke_sugar_02_39,True,,,,,,,30,S_900,0,,,,None,None,,None,False,,,9,idle,,,7,idle,,,3,no,,,5,idle,,,,,,,,,,,,,,,,,,,,,,,,,,,,False,,,,False
d_nikke_sugar_02_40,d_nikke_sugar_02,,Speech,yan,yan,Locale_NikkeEpisode:d_nikke_sugar_02_40,True,,,,,,,30,30,0,,,,None,None,,None,False,,,9,idle,,,7,idle,,,3,no,,,5,idle,,,,,,,,,,,,,,,,,,,,,,,,,,,,False,,,,False
d_nikke_sugar_02_41,d_nikke_sugar_02,,Speech,sugar,sugar,Locale_NikkeEpisode:d_nikke_sugar_02_41,True,,,,,,,S_900,S_900,0,,,,None,None,,None,False,,,9,idle,,,7,idle,,,3,no,,,5,idle,,,,,,,,,,,,,,,,,,,,,,,,,,,,False,,,,False
d_nikke_sugar_02_42,d_nikke_sugar_02,,Speech,yan,yan,Locale_NikkeEpisode:d_nikke_sugar_02_42,True,,,,,,,300,300,0,,,,None,None,,None,False,,,9,idle,,,7,idle,,,3,sad,,,5,idle,,,,,,,,,,,,,,,,,,,,,,,,,,,,False,,,,False
d_nikke_sugar_02_43,d_nikke_sugar_02,,Speech,rupee,rupee,Locale_NikkeEpisode:d_nikke_sugar_02_43,True,,,,,,,300,L_500,0,,,,None,None,,None,False,,,9,idle,,,7,idle,,,3,sad,,,5,idle,,,,,,,,,,,,,,,,,,,,,,,,,,,,False,,,,False
d_nikke_sugar_02_44,d_nikke_sugar_02,,Speech,dolla,dolla,Locale_NikkeEpisode:d_nikke_sugar_02_44,True,,,,,,,L_500,S_700,0,,,,None,None,,None,False,,,9,idle,,,7,good,,,3,sad,,,5,idle,,,,,,,,,,,,,,,,,,,,,,,,,,,,False,,,,False
d_nikke_sugar_02_45,d_nikke_sugar_02,,Speech,yan,yan,Locale_NikkeEpisode:d_nikke_sugar_02_45,True,,,,,,,30,300,0,,,,None,None,,None,False,,,9,idle,,,7,good,,,3,no,,,5,idle,,,,,,,,,,,,,,,,,,,,,,,,,,,,False,,,,False
d_nikke_sugar_02_46,d_nikke_sugar_02,,Monologue,yan,Monologue,Locale_NikkeEpisode:d_nikke_sugar_02_46,False,OuterRim,,,,,,black,black,0,,none,,None,None,,None,False,,,9,idle,,dolla,7,idle,,yan,3,no,,rupee,5,idle,,,,,,,,,,,,,,,,,,,,,,,,,,,,False,,,,False
d_nikke_sugar_02_47,d_nikke_sugar_02,,Speech,sugar,sugar,Locale_NikkeEpisode:d_nikke_sugar_02_47,True,,,,,,,19,9,0,,bgm_story_tuffguys,,None,None,,None,False,,,9,idle,,,,,,,,,,,,,,,,,,,,,,,,,,,,,,,,,,,,,,,,False,,,,False
d_nikke_sugar_02_48,d_nikke_sugar_02,,Speech,sugar,sugar,Locale_NikkeEpisode:d_nikke_sugar_02_48,True,,,,,,,9,9,0,,,,None,None,,None,False,,,9,idle,,,,,,,,,,,,,,,,,,,,,,,,,,,,,,,,,,,,,,,,False,,,,False
d_nikke_sugar_02_49,d_nikke_sugar_02,,Speech,sugar,sugar,Locale_NikkeEpisode:d_nikke_sugar_02_49,True,,,,,,,9,S_90,0,,,,None,None,,None,False,,,9,idle,,,,,,,,,,,,,,,,,,,,,,,,,,,,,,,,,,,,,,,,False,,,,False
d_nikke_sugar_02_50,d_nikke_sugar_02,,Self,sugar,Self,Locale_NikkeEpisode:d_nikke_sugar_02_50,False,,,,,,,S_90,S_90,0,,,,None,None,,None,False,,,9,idle,,,,,,,,,,,,,,,,,,,,,,,,,,,,,,,,,,,,,,,,False,,,,False
d_nikke_sugar_02_51,d_nikke_sugar_02,,Speech,sugar,sugar,Locale_NikkeEpisode:d_nikke_sugar_02_51,True,,,,,,,S_90,S_90,0,,,,None,None,,None,False,,,9,idle,,,,,,,,,,,,,,,,,,,,,,,,,,,,,,,,,,,,,,,,False,,,,False
d_nikke_sugar_02_52,d_nikke_sugar_02,,Self,sugar,Self,Locale_NikkeEpisode:d_nikke_sugar_02_52,False,,,,,,,S_90,S_90,0,,,,None,None,,None,False,,,9,idle,,,,,,,,,,,,,,,,,,,,,,,,,,,,,,,,,,,,,,,,False,,,,False
d_nikke_sugar_02_53,d_nikke_sugar_02,,Speech,sugar,sugar,Locale_NikkeEpisode:d_nikke_sugar_02_53,True,,,,,,,S_90,S_90,0,,,,None,None,,None,False,,,9,idle,,,,,,,,,,,,,,,,,,,,,,,,,,,,,,,,,,,,,,,,False,,,,False
d_nikke_sugar_02_54,d_nikke_sugar_02,,Self,sugar,Self,Locale_NikkeEpisode:d_nikke_sugar_02_54,False,,,,,,,S_90,S_90,0,,,,None,None,,None,False,,,9,idle,,,,,,,,,,,,,,,,,,,,,,,,,,,,,,,,,,,,,,,,False,,,,False
d_nikke_sugar_02_55,d_nikke_sugar_02,,Speech,sugar,sugar,Locale_NikkeEpisode:d_nikke_sugar_02_55,True,,,,,,,S_90,S_900,0,,,,None,None,,None,False,,,9,idle,,,,,,,,,,,,,,,,,,,,,,,,,,,,,,,,,,,,,,,,False,,,,False
d_nikke_sugar_02_56,d_nikke_sugar_02,,Speech,sugar,sugar,Locale_NikkeEpisode:d_nikke_sugar_02_56,True,,,,,,,S_900,S_900,0,,,,None,None,,None,False,,,9,idle,,,,,,,,,,,,,,,,,,,,,,,,,,,,,,,,,,,,,,,,False,,,,False
d_nikke_sugar_02_57,d_nikke_sugar_02,,Self,sugar,Self,Locale_NikkeEpisode:d_nikke_sugar_02_57,False,,,,,,,S_900,S_900,0,,,,None,None,,None,False,,,9,idle,,,,,,,,,,,,,,,,,,,,,,,,,,,,,,,,,,,,,,,,False,,,,False
d_nikke_sugar_02_58,d_nikke_sugar_02,,Speech,sugar,sugar,Locale_NikkeEpisode:d_nikke_sugar_02_58,True,,,,,,,S_900,S_900,0,,,,None,None,,None,False,,,9,idle,,,,,,,,,,,,,,,,,,,,,,,,,,,,,,,,,,,,,,,,False,,,,False
d_nikke_sugar_02_59,d_nikke_sugar_02,,Speech,sugar,sugar,Locale_NikkeEpisode:d_nikke_sugar_02_59,True,,,,,,,S_900,S_900,0,,,,None,None,,None,False,,,9,idle,,,,,,,,,,,,,,,,,,,,,,,,,,,,,,,,,,,,,,,,False,,,,False
d_nikke_sugar_02_60,d_nikke_sugar_02,,Self,sugar,Self,Locale_NikkeEpisode:d_nikke_sugar_02_60,False,,,,,,,S_900,S_900,0,,,,None,None,,None,False,,,9,idle,,,,,,,,,,,,,,,,,,,,,,,,,,,,,,,,,,,,,,,,False,,,,False
d_nikke_sugar_02_61,d_nikke_sugar_02,,Speech,sugar,sugar,Locale_NikkeEpisode:d_nikke_sugar_02_61,True,,,,,,,S_900,S_90,0,,,,None,None,,None,False,,,9,idle,,,,,,,,,,,,,,,,,,,,,,,,,,,,,,,,,,,,,,,,False,,,,False
d_nikke_sugar_02_62,d_nikke_sugar_02,,Speech,sugar,sugar,Locale_NikkeEpisode:d_nikke_sugar_02_62,True,,,,,,,S_90,S_90,0,,,,None,None,,None,False,,,9,idle,,,,,,,,,,,,,,,,,,,,,,,,,,,,,,,,,,,,,,,,False,,,,False
d_nikke_sugar_02_63,d_nikke_sugar_02,,Self,sugar,Self,Locale_NikkeEpisode:d_nikke_sugar_02_63,False,,,,,,,S_90,S_90,0,,,,None,None,,None,False,,,9,idle,,,,,,,,,,,,,,,,,,,,,,,,,,,,,,,,,,,,,,,,False,,,,False
d_nikke_sugar_02_64,d_nikke_sugar_02,,Speech,sugar,sugar,Locale_NikkeEpisode:d_nikke_sugar_02_64,True,,,,,,,S_90,S_90,0,,,,None,None,,None,False,,,9,idle,,,,,,,,,,,,,,,,,,,,,,,,,,,,,,,,,,,,,,,,False,,,,False
d_nikke_sugar_02_65,d_nikke_sugar_02,,Speech,sugar,sugar,Locale_NikkeEpisode:d_nikke_sugar_02_65,True,,,,,,,S_90,S_900,0,,,,None,None,,None,False,,,9,angry,,,,,,,,,,,,,,,,,,,,,,,,,,,,,,,,,,,,,,,,False,,,,False
d_nikke_sugar_02_66,d_nikke_sugar_02,,Narration,sugar,Narration,Locale_NikkeEpisode:d_nikke_sugar_02_66,False,,,,,,,S_900,S_90,0,,,,None,None,,None,False,,,9,idle,,,,,,,,,,,,,,,,,,,,,,,,,,,,,,,,,,,,,,,,False,,,,False
d_nikke_sugar_02_67,d_nikke_sugar_02,,Narration,sugar,Narration,Locale_NikkeEpisode:d_nikke_sugar_02_67,False,,,,,,,S_90,S_90,0,,,,None,None,,None,False,,,9,idle,,,,,,,,,,,,,,,,,,,,,,,,,,,,,,,,,,,,,,,,False,,,,False
d_nikke_sugar_02_68,d_nikke_sugar_02,,Narration,sugar,Narration,Locale_NikkeEpisode:d_nikke_sugar_02_68,False,,,,,,,S_90,9,0,,,,None,None,,None,False,,,9,idle,,,,,,,,,,,,,,,,,,,,,,,,,,,,,,,,,,,,,,,,False,,,,False
d_nikke_sugar_02_69,d_nikke_sugar_02,,Speech,sugar,sugar,Locale_NikkeEpisode:d_nikke_sugar_02_69,False,,,,,,,9,9,0,,,,None,None,,None,False,,,9,idle,,,,,,,,,,,,,,,,,,,,,,,,,,,,,,,,,,,,,,,,False,,,,False
d_nikke_sugar_02_70,d_nikke_sugar_02,,Choice,sugar,,Locale_NikkeEpisode:d_nikke_sugar_02_70,False,,,,,,,9,9,0,,,,None,None,d_nikke_sugar_02_72,None,False,,,9,idle,,,,,,,,,,,,,,,,,,,,,,,,,,,,,,,,,,,,,,,,False,,,,False
d_nikke_sugar_02_71,d_nikke_sugar_02,,Choice,sugar,,Locale_NikkeEpisode:d_nikke_sugar_02_71,False,,,,,,,9,9,0,,,,None,None,d_nikke_sugar_02_74,None,False,,,9,idle,,,,,,,,,,,,,,,,,,,,,,,,,,,,,,,,,,,,,,,,False,,,,False
d_nikke_sugar_02_72,d_nikke_sugar_02,,Speech,sugar,sugar,Locale_NikkeEpisode:d_nikke_sugar_02_72,False,,,,,,,9,9,0,,,,None,None,,None,False,,,9,idle,,,,,,,,,,,,,,,,,,,,,,,,,,,,,,,,,,,,,,,,False,,,,False
d_nikke_sugar_02_73,d_nikke_sugar_02,,Speech,sugar,sugar,Locale_NikkeEpisode:d_nikke_sugar_02_73,True,,,,,,,9,9,0,,,,None,None,d_nikke_sugar_02_76,None,False,,,9,idle,,,,,,,,,,,,,,,,,,,,,,,,,,,,,,,,,,,,,,,,False,,,,False
d_nikke_sugar_02_74,d_nikke_sugar_02,,Speech,sugar,sugar,Locale_NikkeEpisode:d_nikke_sugar_02_74,False,,,,,,,9,9,0,,,,None,None,,None,False,,,9,idle,,,,,,,,,,,,,,,,,,,,,,,,,,,,,,,,,,,,,,,,False,,,,False
d_nikke_sugar_02_75,d_nikke_sugar_02,,Speech,sugar,sugar,Locale_NikkeEpisode:d_nikke_sugar_02_75,True,,,,,,,9,9,0,,,,None,None,d_nikke_sugar_02_76,None,False,,,9,idle,,,,,,,,,,,,,,,,,,,,,,,,,,,,,,,,,,,,,,,,False,,,,False
d_nikke_sugar_02_76,d_nikke_sugar_02,,Narration,sugar,Narration,Locale_NikkeEpisode:d_nikke_sugar_02_76,False,RuinIndoor,,,,,,black,black,0,,,,None,None,,None,False,,,9,idle,,,,,,,,,,,,,,,,,,,,,,,,,,,,,,,,,,,,,,,,False,,,,False
d_nikke_sugar_02_77,d_nikke_sugar_02,,Narration,sugar,Narration,Locale_NikkeEpisode:d_nikke_sugar_02_77,False,,,,,,,19,9,0,,,,None,None,,None,False,,,9,idle,,,,,,,,,,,,,,,,,,,,,,,,,,,,,,,,,,,,,,,,False,,,,False
d_nikke_sugar_02_78,d_nikke_sugar_02,,Speech,sugar,sugar,Locale_NikkeEpisode:d_nikke_sugar_02_78,True,,,,,,,9,9,0,,,,None,None,,None,False,,,9,idle,,,,,,,,,,,,,,,,,,,,,,,,,,,,,,,,,,,,,,,,False,,,,False
d_nikke_sugar_02_79,d_nikke_sugar_02,,Self,sugar,Self,Locale_NikkeEpisode:d_nikke_sugar_02_79,False,,,,,,,9,9,0,,,,None,None,,None,False,,,9,idle,,,,,,,,,,,,,,,,,,,,,,,,,,,,,,,,,,,,,,,,False,,,,False
d_nikke_sugar_02_80,d_nikke_sugar_02,,Speech,sugar,sugar,Locale_NikkeEpisode:d_nikke_sugar_02_80,True,,,,,,,9,9,0,,,,None,None,,None,False,,,9,idle,,,,,,,,,,,,,,,,,,,,,,,,,,,,,,,,,,,,,,,,False,,,,False
d_nikke_sugar_02_81,d_nikke_sugar_02,,Self,sugar,Self,Locale_NikkeEpisode:d_nikke_sugar_02_81,False,,,,,,,9,9,0,,,,None,None,,None,False,,,9,idle,,,,,,,,,,,,,,,,,,,,,,,,,,,,,,,,,,,,,,,,False,,,,False
d_nikke_sugar_02_82,d_nikke_sugar_02,,Speech,sugar,sugar,Locale_NikkeEpisode:d_nikke_sugar_02_82,True,,,,,,,9,S_90,0,,,,None,None,,None,False,,,9,idle,,,,,,,,,,,,,,,,,,,,,,,,,,,,,,,,,,,,,,,,False,,,,False
d_nikke_sugar_02_83,d_nikke_sugar_02,,Speech,sugar,sugar,Locale_NikkeEpisode:d_nikke_sugar_02_83,True,,,,,,,S_90,S_90,0,,,,None,None,,None,False,,,9,idle,,,,,,,,,,,,,,,,,,,,,,,,,,,,,,,,,,,,,,,,False,,,,False
d_nikke_sugar_02_84,d_nikke_sugar_02,,Speech,sugar,sugar,Locale_NikkeEpisode:d_nikke_sugar_02_84,True,,,,,,,S_90,S_90,0,,,,None,None,,None,False,,,9,idle,,,,,,,,,,,,,,,,,,,,,,,,,,,,,,,,,,,,,,,,False,,,,False
d_nikke_sugar_02_85,d_nikke_sugar_02,,Monologue,sugar,Monologue,Locale_NikkeEpisode:d_nikke_sugar_02_85,False,OuterRim,,,,,,black,black,0,,,,None,None,,None,False,,sugar,9,idle,,,,,,,,,,,,,,,,,,,,,,,,,,,,,,,,,,,,,,,,False,,,,False
d_nikke_sugar_02_86,d_nikke_sugar_02,,Monologue,sugar,Monologue,Locale_NikkeEpisode:d_nikke_sugar_02_86,False,,,,,,,19,6,0,sfx_scn_aim,,,None,None,,None,False,sugar,,9,idle,massproduction02,,7,idle,massproduction03,,5,idle,,,,,,,,,,,,,,,,,,,,,,,,,,,,,,,,False,,,,False
d_nikke_sugar_02_87,d_nikke_sugar_02,,Speech,massproduction02,massproduction02,Locale_NikkeEpisode:d_nikke_sugar_02_87,True,,,,,,,6,6,0,,,,None,None,,None,False,,,9,idle,,,7,idle,,,5,idle,,,,,,,,,,,,,,,,,,,,,,,,,,,,,,,,False,,,,False
d_nikke_sugar_02_88,d_nikke_sugar_02,,Speech,massproduction03,massproduction03,Locale_NikkeEpisode:d_nikke_sugar_02_88,True,,,,,,,6,6,0,,,,None,None,,None,False,,,9,idle,,,7,idle,,,5,idle,,,,,,,,,,,,,,,,,,,,,,,,,,,,,,,,False,,,,False
d_nikke_sugar_02_89,d_nikke_sugar_02,,Speech,sugar,sugar,Locale_NikkeEpisode:d_nikke_sugar_02_89,True,,,,,,,6,9,0,,,,None,None,,None,False,,,9,idle,,,7,idle,,,5,idle,,,,,,,,,,,,,,,,,,,,,,,,,,,,,,,,False,,,,False
d_nikke_sugar_02_90,d_nikke_sugar_02,,Speech,sugar,sugar,Locale_NikkeEpisode:d_nikke_sugar_02_90,True,,,,,,,9,9,0,,,,None,None,,None,False,,,9,idle,,,7,idle,,,5,idle,,,,,,,,,,,,,,,,,,,,,,,,,,,,,,,,False,,,,False
d_nikke_sugar_02_91,d_nikke_sugar_02,,Speech,massproduction03,massproduction03,Locale_NikkeEpisode:d_nikke_sugar_02_91,True,,,,,,,9,6,0,,,,None,None,,None,False,,,9,idle,,,7,idle,,,5,idle,,,,,,,,,,,,,,,,,,,,,,,,,,,,,,,,False,,,,False
d_nikke_sugar_02_92,d_nikke_sugar_02,,Speech,sugar,sugar,Locale_NikkeEpisode:d_nikke_sugar_02_92,True,,,,,,,S_90,S_90,0,,,,None,None,,None,False,,,9,idle,,,7,idle,,,5,idle,,,,,,,,,,,,,,,,,,,,,,,,,,,,,,,,False,,,,False
d_nikke_sugar_02_93,d_nikke_sugar_02,,Speech,massproduction02,massproduction02,Locale_NikkeEpisode:d_nikke_sugar_02_93,True,,,,,,,700,700,0,,,,None,None,,None,False,,,9,idle,,,7,idle,,,5,idle,,,,,,,,,,,,,,,,,,,,,,,,,,,,,,,,False,,,,False
d_nikke_sugar_02_94,d_nikke_sugar_02,,Speech,massproduction02,sugar,Locale_NikkeEpisode:d_nikke_sugar_02_94,False,,,,,,,700,700,0,,,,None,None,,None,False,,,9,idle,,,7,idle,,,5,idle,,,,,,,,,,,,,,,,,,,,,,,,,,,,,,,,False,,,,False
d_nikke_sugar_02_95,d_nikke_sugar_02,,Speech,massproduction03,massproduction03,Locale_NikkeEpisode:d_nikke_sugar_02_95,True,,,,,,,700,500,0,,,,None,None,,None,False,,,9,idle,,,7,idle,,,5,idle,,,,,,,,,,,,,,,,,,,,,,,,,,,,,,,,False,,,,False
d_nikke_sugar_02_96,d_nikke_sugar_02,,Speech,sugar,sugar,Locale_NikkeEpisode:d_nikke_sugar_02_96,True,,,,,,,S_90,S_900,0,,,,None,None,,None,False,,,9,idle,,,7,idle,,,5,idle,,,,,,,,,,,,,,,,,,,,,,,,,,,,,,,,False,,,,False
d_nikke_sugar_02_97,d_nikke_sugar_02,,Speech,massproduction03,massproduction03,Locale_NikkeEpisode:d_nikke_sugar_02_97,True,,,,,,,6,6,0,,,,None,None,,None,False,,,9,idle,,,7,idle,,,5,idle,,,,,,,,,,,,,,,,,,,,,,,,,,,,,,,,False,,,,False
d_nikke_sugar_02_98,d_nikke_sugar_02,,Speech,massproduction02,massproduction02,Locale_NikkeEpisode:d_nikke_sugar_02_98,True,,,,,,,6,6,0,,,,None,None,,None,False,,,9,idle,,,7,idle,,,5,idle,,,,,,,,,,,,,,,,,,,,,,,,,,,,,,,,False,,,,False
d_nikke_sugar_02_99,d_nikke_sugar_02,,Speech,massproduction03,massproduction03,Locale_NikkeEpisode:d_nikke_sugar_02_99,True,,,,,,,6,6,0,,,,None,None,,None,False,,,9,idle,,,7,idle,,,5,idle,,,,,,,,,,,,,,,,,,,,,,,,,,,,,,,,False,,,,False
d_nikke_sugar_02_100,d_nikke_sugar_02,,Speech,sugar,sugar,Locale_NikkeEpisode:d_nikke_sugar_02_100,False,,,,,,,9,S_90,0,,,,None,None,,None,False,,,9,idle,,,7,idle,,,5,idle,,,,,,,,,,,,,,,,,,,,,,,,,,,,,,,,False,,,,False
d_nikke_sugar_02_101,d_nikke_sugar_02,,Speech,sugar,sugar,Locale_NikkeEpisode:d_nikke_sugar_02_101,True,,,,,,,S_90,S_90,0,,,,None,None,,None,False,,,9,idle,,,7,idle,,,5,idle,,,,,,,,,,,,,,,,,,,,,,,,,,,,,,,,False,,,,False
d_nikke_sugar_02_102,d_nikke_sugar_02,,Speech,massproduction02,massproduction02,Locale_NikkeEpisode:d_nikke_sugar_02_102,False,,,,,,,6,6,0,,,,None,None,,None,False,,,9,idle,,,7,idle,,,5,idle,,,,,,,,,,,,,,,,,,,,,,,,,,,,,,,,False,,,,False
d_nikke_sugar_02_103,d_nikke_sugar_02,,Speech,massproduction03,massproduction03,Locale_NikkeEpisode:d_nikke_sugar_02_103,False,,,,,,,6,6,0,,,,None,None,,None,False,,,9,idle,,,7,idle,,,5,idle,,,,,,,,,,,,,,,,,,,,,,,,,,,,,,,,False,,,,False
d_nikke_sugar_02_104,d_nikke_sugar_02,,Narration,Narration,Narration,Locale_NikkeEpisode:d_nikke_sugar_02_104,False,,,,,,,black,black,0,sfx_scn_beatup,,Low_2,None,None,,None,False,,,9,idle,,,7,idle,,,5,idle,,,,,,,,,,,,,,,,,,,,,,,,,,,,,,,,False,,,,False
d_nikke_sugar_02_105,d_nikke_sugar_02,,Monologue,Monologue,Monologue,Locale_NikkeEpisode:d_nikke_sugar_02_105,False,,,,,,,black,black,0,,,,None,None,,None,False,,,9,idle,,,7,idle,,,5,idle,,,,,,,,,,,,,,,,,,,,,,,,,,,,,,,,False,,,,False
d_nikke_sugar_02_106,d_nikke_sugar_02,,Speech,massproduction02,massproduction02,Locale_NikkeEpisode:d_nikke_sugar_02_106,True,,,,,,,70,700,0,,,,None,None,,None,False,,,9,idle,,,7,idle,,,5,idle,,,,,,,,,,,,,,,,,,,,,,,,,,,,,,,,False,,,,False
d_nikke_sugar_02_107,d_nikke_sugar_02,,Speech,massproduction03,massproduction03,Locale_NikkeEpisode:d_nikke_sugar_02_107,True,,,,,,,50,500,0,,,,None,None,,None,False,,,9,idle,,,7,idle,,,5,idle,,,,,,,,,,,,,,,,,,,,,,,,,,,,,,,,False,,,,False
d_nikke_sugar_02_108,d_nikke_sugar_02,,Speech,sugar,sugar,Locale_NikkeEpisode:d_nikke_sugar_02_108,True,,,,,,,500,S_90,0,,,,None,None,,None,False,,,9,idle,,,7,idle,,,5,idle,,,,,,,,,,,,,,,,,,,,,,,,,,,,,,,,False,,,,False
d_nikke_sugar_02_109,d_nikke_sugar_02,,Speech,sugar,sugar,Locale_NikkeEpisode:d_nikke_sugar_02_109,True,,,,,,,S_90,S_900,0,,,,None,None,,None,False,,,9,idle,,,7,idle,,,5,idle,,,,,,,,,,,,,,,,,,,,,,,,,,,,,,,,False,,,,False
d_nikke_sugar_02_110,d_nikke_sugar_02,,Speech,sugar,massproduction02,Locale_NikkeEpisode:d_nikke_sugar_02_110,False,,,,,,,S_900,S_900,0,,,,None,None,,None,False,,,9,idle,,,7,idle,,,5,idle,,,,,,,,,,,,,,,,,,,,,,,,,,,,,,,,False,,,,False
d_nikke_sugar_02_111,d_nikke_sugar_02,,Speech,sugar,sugar,Locale_NikkeEpisode:d_nikke_sugar_02_111,True,,,,,,,S_900,S_900,0,,,,None,None,,None,False,,,9,idle,,,7,idle,,,5,idle,,,,,,,,,,,,,,,,,,,,,,,,,,,,,,,,False,,,,False
d_nikke_sugar_02_112,d_nikke_sugar_02,,Speech,sugar,sugar,Locale_NikkeEpisode:d_nikke_sugar_02_112,True,,,,,,,S_900,S_900,0,,,,None,None,,None,False,,,9,idle,,,7,idle,,,5,idle,,,,,,,,,,,,,,,,,,,,,,,,,,,,,,,,False,,,,False
d_nikke_sugar_02_113,d_nikke_sugar_02,,Speech,sugar,sugar,Locale_NikkeEpisode:d_nikke_sugar_02_113,True,,,,,,,S_900,S_900,0,,,,None,None,,None,False,,,9,idle,,,7,idle,,,5,idle,,,,,,,,,,,,,,,,,,,,,,,,,,,,,,,,False,,,,False
d_nikke_sugar_02_114,d_nikke_sugar_02,,Self,sugar,Self,Locale_NikkeEpisode:d_nikke_sugar_02_114,False,,,,,,,S_900,S_900,0,,,,None,None,,None,False,,,9,idle,,,7,idle,,,5,idle,,,,,,,,,,,,,,,,,,,,,,,,,,,,,,,,False,,,,False
d_nikke_sugar_02_115,d_nikke_sugar_02,,Speech,sugar,sugar,Locale_NikkeEpisode:d_nikke_sugar_02_115,True,,,,,,,S_900,S_900,0,,,,None,None,,None,False,,,9,idle,,,7,idle,,,5,idle,,,,,,,,,,,,,,,,,,,,,,,,,,,,,,,,False,,,,False
d_nikke_sugar_02_116,d_nikke_sugar_02,,Self,sugar,Self,Locale_NikkeEpisode:d_nikke_sugar_02_116,False,,,,,,,S_900,S_900,0,,,,None,None,,None,False,,,9,idle,,,7,idle,,,5,idle,,,,,,,,,,,,,,,,,,,,,,,,,,,,,,,,False,,,,False
d_nikke_sugar_02_117,d_nikke_sugar_02,,Speech,sugar,sugar,Locale_NikkeEpisode:d_nikke_sugar_02_117,True,,,,,,,S_900,S_90,0,,,,None,None,,None,False,,,9,idle,,,7,idle,,,5,idle,,,,,,,,,,,,,,,,,,,,,,,,,,,,,,,,False,,,,False
d_nikke_sugar_02_118,d_nikke_sugar_02,,Speech,sugar,massproduction03,Locale_NikkeEpisode:d_nikke_sugar_02_118,False,,,,,,,S_90,S_90,0,,,,None,None,,None,False,,,9,idle,,,7,idle,,,5,idle,,,,,,,,,,,,,,,,,,,,,,,,,,,,,,,,False,,,,False
d_nikke_sugar_02_119,d_nikke_sugar_02,,Speech,sugar,sugar,Locale_NikkeEpisode:d_nikke_sugar_02_119,True,,,,,,,S_90,S_900,0,,,,None,None,,None,False,,,9,idle,,,7,idle,,,5,idle,,,,,,,,,,,,,,,,,,,,,,,,,,,,,,,,False,,,,False
d_nikke_sugar_02_120,d_nikke_sugar_02,,Speech,sugar,sugar,Locale_NikkeEpisode:d_nikke_sugar_02_120,False,,,,,,,S_900,19,0,sfx_scn_run,,,None,None,,None,False,,,9,idle,,,7,idle,,,5,idle,,,,,,,,,,,,,,,,,,,,,,,,,,,,,,,,False,,,,False
d_nikke_sugar_02_121,d_nikke_sugar_02,,Speech,unknown,unknown,Locale_NikkeEpisode:d_nikke_sugar_02_121,True,,,,,,,19,19,0,,,,None,None,,None,False,,,9,idle,,,7,idle,,,5,idle,,,,,,,,,,,,,,,,,,,,,,,,,,,,,,,,False,,,,False
d_nikke_sugar_02_122,d_nikke_sugar_02,,Narration,Narration,Narration,Locale_NikkeEpisode:d_nikke_sugar_02_122,False,,,,,,,19,19,0,,,,None,None,,None,False,,,9,idle,,,7,idle,,,5,idle,,,,,,,,,,,,,,,,,,,,,,,,,,,,,,,,False,,,,False
d_nikke_sugar_02_123,d_nikke_sugar_02,,Speech,sugar,sugar,Locale_NikkeEpisode:d_nikke_sugar_02_123,True,,,,,,,19,S_90,0,,,,None,None,,None,False,,,9,idle,,,7,idle,,,5,idle,,,,,,,,,,,,,,,,,,,,,,,,,,,,,,,,False,,,,False
d_nikke_sugar_02_124,d_nikke_sugar_02,,Speech,sugar,sugar,Locale_NikkeEpisode:d_nikke_sugar_02_124,True,,,,,,,S_90,S_90,0,sfx_scn_bikeengine,,,None,None,,None,False,,,19,idle,,,7,idle,,,5,idle,,,,,,,,,,,,,,,,,,,,,,,,,,,,,,,,False,,,,False
d_nikke_sugar_02_125,d_nikke_sugar_02,,Narration,Narration,Narration,Locale_NikkeEpisode:d_nikke_sugar_02_125,False,,,,,,,S_90,9,0,sfx_scn_beatup,,Low_2,None,None,,None,False,,,19,idle,,,7,idle,,,5,idle,,,,,,,,,,,,,,,,,,,,,,,,,,,,,,,,False,,,,False
d_nikke_sugar_02_126,d_nikke_sugar_02,,Speech,sugar,sugar,Locale_NikkeEpisode:d_nikke_sugar_02_126,True,,,,,,,9,9,0,,,,None,None,,None,False,,,9,idle,,,7,idle,,,5,idle,,,,,,,,,,,,,,,,,,,,,,,,,,,,,,,,False,,,,False
d_nikke_sugar_02_127,d_nikke_sugar_02,,Speech,massproduction03,massproduction03,Locale_NikkeEpisode:d_nikke_sugar_02_127,False,,,,,,,6,6,0,,,,None,None,,None,False,,,9,idle,,,7,idle,,,5,idle,,,,,,,,,,,,,,,,,,,,,,,,,,,,,,,,False,,,,False
d_nikke_sugar_02_128,d_nikke_sugar_02,,Speech,massproduction02,massproduction02,Locale_NikkeEpisode:d_nikke_sugar_02_128,True,,,,,,,6,6,0,,,,None,None,,None,False,,,9,idle,,,7,idle,,,5,idle,,,,,,,,,,,,,,,,,,,,,,,,,,,,,,,,False,,,,False
d_nikke_sugar_02_129,d_nikke_sugar_02,,Speech,massproduction02,massproduction02,Locale_NikkeEpisode:d_nikke_sugar_02_129,True,,,,,,,6,6,0,,,,None,None,,None,False,,,9,idle,,,7,idle,,,5,idle,,,,,,,,,,,,,,,,,,,,,,,,,,,,,,,,False,,,,False
d_nikke_sugar_02_130,d_nikke_sugar_02,,Speech,massproduction02,massproduction02,Locale_NikkeEpisode:d_nikke_sugar_02_130,True,,,,,,,6,6,0,,,,None,None,,None,False,,,9,idle,,,7,idle,,,5,idle,,,,,,,,,,,,,,,,,,,,,,,,,,,,,,,,False,,,,False
d_nikke_sugar_02_131,d_nikke_sugar_02,,Speech,sugar,sugar,Locale_NikkeEpisode:d_nikke_sugar_02_131,True,,,,,,,6,9,0,,,,None,None,,None,False,,,9,idle,,,7,idle,,,5,idle,,,,,,,,,,,,,,,,,,,,,,,,,,,,,,,,False,,,,False
d_nikke_sugar_02_132,d_nikke_sugar_02,,Speech,sugar,sugar,Locale_NikkeEpisode:d_nikke_sugar_02_132,True,,,,,,,9,9,0,,,,None,None,,None,False,,,9,idle,,,7,idle,,,5,idle,,,,,,,,,,,,,,,,,,,,,,,,,,,,,,,,False,,,,False
d_nikke_sugar_02_133,d_nikke_sugar_02,,Speech,sugar,sugar,Locale_NikkeEpisode:d_nikke_sugar_02_133,True,,,,,,,9,S_900,0,,,,None,None,,None,False,,,9,idle,,,7,idle,,,5,idle,,,,,,,,,,,,,,,,,,,,,,,,,,,,,,,,False,,,,False
d_nikke_sugar_02_134,d_nikke_sugar_02,,Self,sugar,Self,Locale_NikkeEpisode:d_nikke_sugar_02_134,False,,,,,,,S_900,S_900,0,,,,None,None,,None,False,,,9,idle,,,7,idle,,,5,idle,,,,,,,,,,,,,,,,,,,,,,,,,,,,,,,,False,,,,False
d_nikke_sugar_02_135,d_nikke_sugar_02,,Speech,sugar,sugar,Locale_NikkeEpisode:d_nikke_sugar_02_135,True,,,,,,,S_900,S_900,0,,,,None,None,,None,False,,,9,idle,,,7,idle,,,5,idle,,,,,,,,,,,,,,,,,,,,,,,,,,,,,,,,False,,,,False
d_nikke_sugar_02_136,d_nikke_sugar_02,,Speech,sugar,sugar,Locale_NikkeEpisode:d_nikke_sugar_02_136,True,,,,,,,S_900,S_900,0,,,,None,None,,None,False,,,9,idle,,,7,idle,,,5,idle,,,,,,,,,,,,,,,,,,,,,,,,,,,,,,,,False,,,,False
d_nikke_sugar_02_137,d_nikke_sugar_02,,Speech,sugar,sugar,Locale_NikkeEpisode:d_nikke_sugar_02_137,True,,,,,,,S_900,S_900,0,,,,None,None,,None,False,,,9,idle,,,7,idle,,,5,idle,,,,,,,,,,,,,,,,,,,,,,,,,,,,,,,,False,,,,False
